精彩诗句	578	564	0.975778547	1
村内资源	3652	3533	0.967415115	1
代表国家队	623	602	0.966292135	1
知名产业	3106	2968	0.955569865	1
农产品	681	637	0.935389134	1
性味	1024	951	0.928710938	1
周围景观	85637	79182	0.924623702	1
村内企业	3001	2747	0.915361546	1
涵盖功能	1797	1626	0.904841402	1
作品标签	1588	1429	0.899874055	1
名句	957	810	0.846394984	1
主要配音	3222	2700	0.837988827	1
房间设施	572	470	0.821678322	1
核心/线程	608	488	0.802631579	0
集成芯片	2700	2109	0.781111111	1
企业精神	2012	1552	0.771371769	1
主演	67521	52025	0.770501029	1
主要农产品	5591	4302	0.769450903	1
经营宗旨	658	502	0.762917933	1
农作物	761	569	0.747700394	1
经营理念	5161	3769	0.730284829	1
曾效力	595	433	0.727731092	1
校风	839	600	0.715137068	1
音频格式	881	616	0.699205448	1
用法用量	8043	5609	0.697376601	1
对外投资	3141183	2166255	0.689630308	1
股东	3141378	2166168	0.689559805	1
企业理念	918	633	0.689542484	1
主要城市	925	635	0.686486486	1
处方	651	439	0.674347158	1
服务设施	545	366	0.671559633	1
企业宗旨	995	666	0.669346734	1
广泛用于	536	358	0.667910448	1
网络频率	4016	2666	0.663844622	0
设施	723	472	0.652835408	1
主要院系	10319	6718	0.651032077	1
公司宗旨	527	343	0.65085389	1
医院院训	630	409	0.649206349	1
家庭成员	586	380	0.648464164	1
药物组成	1207	780	0.646230323	1
功用	1435	924	0.643902439	1
主要症状	1922	1226	0.637877211	1
服务宗旨	1656	1054	0.63647343	1
公司口号	29867	18827	0.630361268	1
参战方兵力	923	579	0.627302275	1
主要景点	555	347	0.625225225	1
CATEGORY_ZH	8423273	5211299	0.61867863	1
其他电视台	733	453	0.618008186	1
办学理念	1334	822	0.616191904	1
参战方	3135	1928	0.614992026	1
主要栏目	547	336	0.614259598	1
配方	585	359	0.613675214	1
办学宗旨	691	424	0.613603473	1
企业文化	1097	673	0.61349134	1
价值观	557	339	0.608617594	1
功能主治	2025	1229	0.60691358	1
法律诉讼	287258	173084	0.602538485	1
佐料	726	435	0.599173554	1
核心价值观	628	373	0.593949045	1
服务理念	1681	998	0.59369423	1
资源	661	392	0.593040847	1
主要食材	68005	40163	0.590588927	1
公司理念	669	395	0.590433483	1
主要指挥官	1728	1018	0.58912037	1
主治	4013	2356	0.587091951	1
功效	9694	5680	0.585929441	1
数据业务	824	479	0.58131068	1
精神	933	542	0.580921758	1
流经地区	569	329	0.578207381	1
气味	605	349	0.576859504	1
公交	1043	600	0.575263663	1
周围环境	560	322	0.575	1
主要适用症	6898	3962	0.574369382	1
组成部分	787	448	0.569250318	1
校训	17053	9680	0.567642057	1
爱好	3484	1970	0.565442021	1
保修政策	1189	665	0.559293524	1
知名人物	1283	714	0.556508184	1
食用方法	651	362	0.556067588	1
网站口号	1481	822	0.555030385	1
理念	5246	2907	0.554136485	1
调料	22987	12734	0.553965285	1
包括	9316	5138	0.551524259	1
口号	2630	1446	0.549809886	1
性格	2803	1537	0.548341063	1
用法	7277	3967	0.545142229	1
原则	2681	1458	0.54382693	1
形态特征	730	395	0.54109589	1
特长	2311	1245	0.538727823	1
地方特产	881	474	0.538024972	1
贮藏	820	441	0.537804878	1
主要原料	55614	29562	0.531556802	1
配料	20666	10950	0.529855802	1
下辖地区	24656	12959	0.525592148	1
专长	618	322	0.521035599	1
兴趣	1071	558	0.521008403	1
方剂主治	1480	770	0.52027027	1
特产	3513	1826	0.519783661	1
宗旨	11468	5951	0.518922218	1
性能特点	519	269	0.518304432	1
常见症状	1502	774	0.515312916	1
主要产业	1028	528	0.513618677	1
知名校友	5863	3007	0.512877367	1
伤亡情况	1352	686	0.50739645	1
原料	11333	5727	0.505338392	1
产品特点	1823	920	0.504662644	1
主营产品	1024	513	0.500976563	1
不良反应	1162	580	0.499139415	1
分布区域	54862	27166	0.495169699	1
成份	646	318	0.492260062	1
项目类型	1231	605	0.491470349	1
症状	1703	825	0.484439225	1
品牌理念	602	291	0.483388704	1
特征特性	1155	554	0.47965368	1
食材	608	291	0.478618421	1
组成	11549	5514	0.477443935	1
辅料	26859	12660	0.471350385	1
成分	2747	1284	0.467419003	1
主要成分	3434	1603	0.466802563	1
主要经营	806	376	0.466501241	1
主要食用功效	8777	4085	0.465420987	1
下设	872	404	0.463302752	1
名人	691	319	0.461649783	1
业务	2778	1277	0.459683225	1
代表人物	1943	889	0.457539887	1
例句	787	360	0.457433291	1
业务范围	1448	661	0.456491713	1
营养价值	776	351	0.452319588	1
机构设置	811	366	0.451294698	1
环境	1254	565	0.450558214	1
主要奖项	25560	11512	0.450391236	1
服务内容	562	253	0.450177936	1
优点	15340	6889	0.449087353	1
制备方法	1094	491	0.4488117	1
馆藏精品	1723	763	0.442832269	1
座右铭	562	248	0.441281139	1
制法	1265	557	0.440316206	1
主要材料	572	246	0.43006993	1
主要荣誉	1477	635	0.429925525	1
设计理念	622	267	0.42926045	1
服务范围	1231	526	0.427294882	1
主要人物	1225	521	0.425306122	1
影响因素	643	271	0.421461897	1
正文	2101	885	0.421227987	1
主要用药禁忌	1380	579	0.419565217	1
节日活动	813	341	0.419434194	1
子女	537	225	0.418994413	1
材料	10803	4516	0.418032028	1
机箱结构	3041	1266	0.416310424	1
著名景点	35272	14602	0.413982763	1
服务	3708	1526	0.411542611	1
形态	1384	565	0.408236994	1
服务项目	833	340	0.408163265	1
特点	86241	35080	0.406767083	1
主营业务	1073	435	0.405405405	1
主要病因	1690	685	0.405325444	1
主要宗教	819	331	0.404151404	1
网络模式	5919	2391	0.403953371	1
主营	2738	1105	0.403579255	1
适应症	1133	457	0.403353928	1
好友	1032	416	0.403100775	1
主要角色	7284	2935	0.402937946	1
景点	1459	582	0.398903358	1
制作材料	509	203	0.398821218	1
村里单位	952	379	0.398109244	1
涉及	554	219	0.395306859	1
成员	2437	963	0.395157981	1
应用领域	3297	1302	0.394904459	1
分布	7076	2788	0.394007914	1
上星平台	606	237	0.391089109	1
产品	5202	2034	0.39100346	1
网络标准	771	299	0.387808042	1
主要从事	771	298	0.386511025	1
专业从事	513	198	0.385964912	1
国家领袖	957	368	0.384535005	1
特性	4459	1709	0.383269791	1
主要业务	801	306	0.382022472	1
外形	2327	888	0.38160722	1
官职	2725	1028	0.377247706	1
优势	5476	2033	0.371256392	1
交通状况	1013	374	0.369200395	1
主要特点	917	338	0.368593239	1
内设	693	255	0.367965368	1
擅长	2242	824	0.367528992	1
职员-董事	697854	252758	0.362193238	1
口感	1173	424	0.361466326	1
主要营养成分	13453	4854	0.360811715	1
曾效力球队	1403	505	0.359942979	1
构成	1561	560	0.358744395	1
同物异名	572	205	0.358391608	1
功能特点	649	232	0.357473035	1
性能	1599	570	0.356472795	1
特色	9108	3182	0.349363197	1
举例	2821	979	0.347040057	1
网络播放	1341	464	0.34601044	1
可选颜色	3844	1326	0.344953174	1
用料	787	271	0.344345616	1
分为	1246	427	0.342696629	1
应用	12147	4161	0.342553717	1
主要成就	151999	52065	0.342535148	1
机身特性	1649	563	0.341419042	1
研究领域	1855	631	0.340161725	1
近义词	5787	1963	0.339208571	1
重要事件	6021	2010	0.333831589	1
语法	706	235	0.33286119	1
触摸屏	1020	338	0.331372549	1
产业	1017	337	0.331366765	1
功能	15816	5208	0.329286798	1
禁忌	576	189	0.328125	1
视频接口	528	173	0.327651515	1
反义词	2434	797	0.327444536	1
设备	672	219	0.325892857	1
适用范围	9719	3160	0.325136331	1
职员-一般代表	4198	1358	0.323487375	1
喜欢的食物	521	168	0.322456814	1
分公司	88691	28542	0.321813938	1
保护对象	573	183	0.319371728	1
例子	1528	487	0.318717277	1
获得奖项	958	305	0.318371608	1
职员-理事	48054	15239	0.317122404	1
采收时间	649	205	0.31587057	0
主持人	2939	926	0.315073154	1
从事	2570	808	0.314396887	1
代表作品	122733	38438	0.313183903	1
技能	728	227	0.311813187	1
制作方法	1110	343	0.309009009	1
指导思想	541	167	0.308687616	1
主要用途	1740	532	0.305747126	1
主要功能	1555	469	0.301607717	1
提供	1668	502	0.300959233	1
使命	911	274	0.300768386	1
表现	1472	442	0.300271739	1
药品类型	18786	5638	0.300117108	1
主料	14308	4289	0.299762371	1
特征	8359	2500	0.299078837	1
适宜地区	519	155	0.298651252	1
手机类型	6540	1938	0.296330275	1
步骤	811	239	0.294697904	1
用于	6009	1753	0.291729073	1
机身颜色	1832	530	0.28930131	1
职员-独立董事	2040	589	0.28872549	1
产品功能	1759	507	0.28823195	1
治疗	581	167	0.287435456	1
职员-未知	271700	77598	0.285601767	1
组织机构	557	159	0.28545781	1
小贴士	770	219	0.284415584	1
系统要求	1733	489	0.282169648	1
产品介绍	511	144	0.281800391	1
详细解释	789	222	0.281368821	1
寓意	1094	307	0.280621572	1
内容	17190	4823	0.280570099	1
研究方向	6072	1698	0.279644269	1
其他出版社	1192	333	0.279362416	1
主要为害部位	1288	358	0.277950311	1
品牌定位	520	144	0.276923077	1
做法	6679	1839	0.27534062	1
化学成分	771	211	0.273670558	1
视频输出	534	146	0.27340824	1
适用领域范围	4252	1159	0.272577611	1
活动	679	184	0.270986745	1
在线播放平台	5349	1445	0.270143952	1
其他相关作品	634	170	0.268138801	1
性状	3425	916	0.267445255	1
关键词	1138	303	0.266256591	1
注意事项	2908	772	0.265474553	1
作画监督	1169	309	0.264328486	1
主要内容	1378	364	0.264150943	1
主题	4215	1108	0.2628707	1
烹饪方式	997	262	0.262788365	1
经营模式	2105	553	0.262707838	1
建筑形式	8492	2221	0.261540273	1
范围	4227	1096	0.259285545	1
主任	1169	303	0.259195894	1
出品人	1959	506	0.258295048	1
其他特点	723	186	0.257261411	1
总监制	584	150	0.256849315	1
罕见度	557	143	0.256732496	0
经营	1110	284	0.255855856	1
用量	1050	268	0.255238095	0
常见病因	1041	264	0.253602305	1
种类	6416	1627	0.253584788	1
别称	3448	871	0.252610209	1
内容简介	575	145	0.252173913	1
支持平台	873	220	0.252004582	1
【释义】	600	151	0.251666667	1
节日意义	873	219	0.250859107	1
火车站	12888	3220	0.249844817	1
工作内容	724	180	0.248618785	1
服务对象	1330	330	0.248120301	1
昵称	1021	253	0.247796278	1
其他	1566	388	0.247765006	1
示例	1187	294	0.247683235	1
过程	986	243	0.246450304	1
适用	3457	844	0.24414232	1
象征	1149	280	0.243690165	1
危害	1336	324	0.24251497	1
交通	1967	477	0.242501271	1
命名	2173	522	0.240220893	1
生产	859	206	0.239813737	1
工作职责	539	129	0.239332096	1
主要任务	673	160	0.237741456	1
主要作用	581	138	0.237521515	1
流行于	570	134	0.235087719	1
缺点	2427	570	0.234857849	1
建筑类型	13070	3052	0.233511859	1
工作	1701	393	0.231040564	1
主要危害作物	1249	285	0.228182546	1
颜色	9786	2227	0.227569998	1
标签	2981	666	0.223414961	1
三围	2898	647	0.223257419	0
效果	1250	278	0.2224	1
病因	723	160	0.221300138	1
形状	4078	902	0.221186856	1
用途	20647	4544	0.220080399	1
产品定位	10773	2356	0.218694885	1
要求	2268	495	0.218253968	1
材质	5144	1113	0.216368585	1
后果	937	202	0.215581644	1
项目	1325	285	0.21509434	1
副局长	774	166	0.214470284	1
专业方向	2329	493	0.211678832	1
适用对象	1196	252	0.210702341	1
词义	2312	487	0.210640138	1
地铁	862	181	0.209976798	1
演员	754	158	0.209549072	1
字号	27426	5732	0.20899876	1
策划	994	206	0.207243461	1
支持	1193	245	0.205364627	1
官方语言	1012	207	0.204545455	1
具有	621	127	0.204508857	1
描述	1778	362	0.20359955	1
中文别名	2698	545	0.202001483	1
释义	52654	10636	0.201997949	1
模式	1308	264	0.201834862	1
物业类别	35761	7215	0.201756103	1
目标	5866	1182	0.20150017	1
传播途径	745	150	0.201342282	1
音乐	2555	514	0.201174168	1
主要作品	8884	1781	0.20047276	1
致力于	2240	447	0.199553571	1
工具	852	170	0.199530516	1
产品系列	856	170	0.198598131	1
水溶性	1541	306	0.198572356	0
娱乐设施	514	102	0.19844358	1
词语解释	2098	416	0.19828408	1
角色设计	1694	335	0.197756789	1
主要	899	177	0.196885428	1
方向	1126	220	0.195381883	1
愿景	507	99	0.195266272	1
注释	1144	223	0.19493007	1
专注于	897	174	0.193979933	1
别名	216716	42025	0.193917385	1
发病部位	1755	339	0.193162393	1
初登场	1084	209	0.192804428	1
注意	2376	457	0.192340067	1
适合	557	107	0.192100539	1
意思	3316	634	0.19119421	1
代表	2258	430	0.190434012	1
游戏平台	31943	6078	0.19027643	1
主要职责	5822	1104	0.189625558	1
销售	650	123	0.189230769	1
负责	1432	270	0.188547486	1
机构职能	537	101	0.188081937	1
基本解释	3248	609	0.1875	1
解释	43534	8152	0.187255938	1
其他性能	605	113	0.18677686	1
制片人	22102	4108	0.185865533	1
任务	1121	208	0.185548617	1
屏幕参数	806	149	0.184863524	0
学术代表作	736	136	0.184782609	1
散热方式	1745	322	0.184527221	1
配音	11153	2046	0.1834484	1
现象	656	120	0.182926829	1
方法	5109	929	0.181835976	1
游戏目标	12537	2275	0.18146287	1
结果	4408	799	0.181261343	1
餐饮设施	934	169	0.180942184	1
编剧	55475	10023	0.18067598	1
主角	2233	403	0.180474698	1
票价	896	161	0.1796875	1
游戏介绍	754	135	0.179045093	1
年号	1102	197	0.17876588	0
专业	4124	736	0.178467507	1
拥有	865	154	0.178034682	1
评价	1451	258	0.177808408	1
相关人物	2219	394	0.177557458	1
作用	30794	5464	0.177437163	1
其它译名	27268	4826	0.176984011	1
运用	703	123	0.174964438	1
职责	8935	1553	0.173810856	1
方式	3281	567	0.172813167	1
途径	799	138	0.172715895	1
气候条件	36049	6223	0.172626148	1
研究内容	662	113	0.170694864	1
相关领域	911	155	0.1701427	1
适用气源	792	134	0.169191919	1
能力	848	143	0.168632075	1
风格	4215	710	0.168446026	1
品种	1817	306	0.168409466	1
电源性能	1283	216	0.168355417	1
规格	12356	2075	0.167934607	1
多发群体	1798	301	0.167408231	1
音乐风格	26848	4473	0.166604589	1
用处	771	127	0.164721141	1
形式	3669	604	0.164622513	1
操作方法	2204	361	0.163793103	1
规模	1543	252	0.163318211	1
责任编辑	571	93	0.162872154	1
俗名	542	88	0.162361624	1
部门	2125	342	0.160941176	1
屏幕	956	153	0.160041841	1
范畴	988	158	0.159919028	1
伤亡人数	779	124	0.159178434	0
卡包	904	143	0.158185841	1
职员-清算组成员	3737	586	0.156810276	1
价值	756	118	0.156084656	0
生境	555	86	0.154954955	1
外观	5163	795	0.153980244	1
支持系统	1235	190	0.153846154	1
根据地	709	109	0.153737659	1
笔名	2128	325	0.152725564	1
经历	537	82	0.152700186	1
排水量	815	124	0.152147239	0
产品用途	1189	180	0.151387721	1
制作	1705	256	0.150146628	1
简介	25184	3779	0.150055591	1
现任职务	541	81	0.149722736	1
发起人	1004	150	0.14940239	1
所获荣誉	988	147	0.148785425	1
角色	660	98	0.148484848	1
职业	559126	82550	0.14764114	1
研究	610	90	0.147540984	1
专业特点	9411	1382	0.146849432	1
碎纸能力	607	89	0.146622735	1
制作人	562	82	0.145907473	1
适用机型	2938	428	0.145677332	1
武器	2334	336	0.143958869	1
封号	573	82	0.143106457	1
发展	998	142	0.142284569	1
职员-其他	985	140	0.14213198	1
原因	4663	660	0.141539781	1
相关学科	595	84	0.141176471	1
曾用名	1517	214	0.141067897	1
美誉	1200	169	0.140833333	1
使用	895	126	0.140782123	1
古称	668	94	0.140718563	1
儿子	1124	158	0.140569395	1
具体	562	79	0.140569395	1
医院	827	116	0.140266022	1
绰号	836	117	0.139952153	1
命名者	3359	468	0.139327181	1
结构	4319	601	0.139152582	1
引证解释	871	121	0.138920781	1
影响	2089	290	0.138822403	1
必杀技	722	100	0.138504155	1
内设机构	9619	1308	0.135980871	1
条件	1668	226	0.135491607	1
区别	503	68	0.135188867	1
领导	549	74	0.134790528	1
使用者	877	118	0.134549601	1
对应	4035	540	0.133828996	1
发行地区	5192	693	0.133474576	1
文化	974	130	0.133470226	1
适宜人群	28386	3788	0.133446065	1
产于	581	77	0.13253012	1
游戏操作	774	102	0.131782946	1
针对	936	123	0.131410256	1
概述	6707	878	0.130908007	1
职能	7762	1015	0.130765267	1
名字来源	1258	164	0.13036566	1
建筑结构	777	101	0.12998713	1
流行地区	2327	302	0.129780834	1
动画制作	1967	255	0.129639044	1
接口	1617	209	0.129251701	1
媒介	666	86	0.129129129	1
操作指南	5372	692	0.128816083	1
字幕	598	77	0.128762542	1
游戏下载	659	84	0.127465857	1
下辖	2245	285	0.126948775	1
内容主题	7382	934	0.126523977	1
适用类型	6069	764	0.125885648	1
概念	3597	452	0.125660272	1
播出平台	903	113	0.125138427	1
典故	652	81	0.124233129	1
味道	1927	239	0.124026985	1
认证	550	68	0.123636364	1
美称	542	67	0.123616236	1
职员-董事兼副总经理	1123	138	0.122885129	1
机构	2532	310	0.122432859	1
拍摄地点	14211	1738	0.122299627	0
女儿	614	75	0.122149837	1
职务	11122	1350	0.121381047	1
含义	20408	2476	0.121324971	1
运行平台	534	64	0.119850187	1
组织	751	89	0.118508655	1
人员	729	86	0.117969822	1
人物	6348	746	0.117517328	1
分类	78653	9107	0.115787065	1
方言	22907	2647	0.115554197	1
关系	763	88	0.115334207	1
首播平台	1292	148	0.114551084	1
定位	5623	644	0.114529611	1
调节方式	952	109	0.114495798	1
图书分类	804	92	0.114427861	1
付款方式	915	104	0.113661202	1
人群	618	70	0.113268608	1
目的	22339	2518	0.112717669	1
机场距离	4358	491	0.112666361	0
表达式	1469	165	0.112321307	1
国家重点学科	767	86	0.112125163	1
3	968	108	0.111570248	1
专辑语言	9136	1013	0.110880035	1
监制	2462	272	0.110479285	1
应用学科	4994	551	0.110332399	1
常见发病部位	1082	119	0.109981516	1
荣誉称号	702	77	0.10968661	1
载体	513	56	0.109161793	1
作品	2328	254	0.109106529	1
介绍	3135	342	0.109090909	1
职员-其他人员	147384	16065	0.109000977	1
功能用途	808	88	0.108910891	1
奖项	588	64	0.108843537	1
剧本	1104	120	0.108695652	1
二级学科	995	108	0.108542714	1
火车站距离	4498	487	0.108270342	0
著作	520	56	0.107692308	1
核心	1795	193	0.107520891	1
2	1204	128	0.106312292	1
职称	13902	1473	0.105955978	1
科室	1391	147	0.105679367	1
数目与尺寸	530	56	0.105660377	0
主人公	1298	137	0.105546995	1
结局	777	82	0.105534106	1
由来	1187	124	0.104465038	1
相关作品	794	82	0.103274559	1
电源电压	1697	175	0.103123159	0
数据传输率	1558	160	0.102695764	0
特指	867	89	0.102652826	1
其他名称	51346	5228	0.101819032	1
起因	532	54	0.101503759	1
游戏指南	1282	130	0.101404056	1
技术	2250	228	0.101333333	1
主管	918	93	0.10130719	1
口味	54881	5376	0.097957399	1
运行环境	2094	205	0.097898758	1
又叫	1011	98	0.096933729	1
事件	3268	315	0.096389229	1
释文	1018	98	0.096267191	1
经营范围	6072800	584161	0.096193025	1
软件平台	3466	330	0.095210617	1
学校	2518	239	0.0949166	1
产品颜色	1024	97	0.094726563	1
主体	1506	142	0.094289509	1
相关	5971	562	0.094121588	1
运行系统	1236	116	0.093851133	1
任职	640	60	0.09375	1
职员-副总经理	32339	3017	0.093292928	1
职位	3806	355	0.093273778	1
气候	1540	143	0.092857143	1
命名者及年代	7164	665	0.092825237	1
支持格式	831	77	0.092659446	1
表示	650	60	0.092307692	1
货币	706	65	0.092067989	1
设立机构	576	53	0.092013889	1
指	718	66	0.091922006	1
意义	11280	1023	0.090691489	1
其他类别	763	69	0.090432503	1
代理发行	599	54	0.09015025	1
设计	1022	92	0.090019569	1
标准	3356	302	0.089988081	1
地形	991	89	0.089808274	1
俗称	3164	284	0.089759798	1
对象	17115	1530	0.089395267	1
身份	9792	872	0.089052288	1
尺寸	17026	1503	0.088276753	0
类型	536231	47309	0.088225037	1
工作原理	1621	143	0.08821715	1
地图软件	537	47	0.087523277	1
储藏方法	7484	654	0.087386424	1
电源	3309	289	0.087337564	1
会期	1180	103	0.087288136	1
病原分类地位	825	72	0.087272727	1
品种来源	7834	683	0.087184069	1
应用平台	3443	300	0.087133314	1
展会类别	574	50	0.087108014	1
依赖系统	625	54	0.0864	1
亦称	1551	134	0.086395874	1
作品别名	3709	319	0.08600701	1
师傅	676	58	0.085798817	1
流派	668	57	0.085329341	1
又称	13750	1167	0.084872727	1
储存	707	60	0.084865629	1
首都	1270	107	0.084251969	1
职员-职工监事	7587	638	0.084091209	1
对白语言	46436	3890	0.083771212	1
备注	1403	117	0.08339273	1
阵营	768	64	0.083333333	1
说明	4975	413	0.083015075	1
填词	41218	3394	0.082342666	1
领域	10778	886	0.082204491	1
饰演	6324	518	0.081910183	1
研究对象	696	57	0.081896552	1
游戏特征	513	42	0.081871345	1
利用	978	80	0.081799591	1
背景	3138	256	0.081580625	1
基础	2286	186	0.081364829	1
机场	10802	878	0.081281244	1
语言	37995	3084	0.081168575	1
教学职称	1370	111	0.081021898	1
精度	593	48	0.080944351	0
上映地区	890	72	0.080898876	1
形成	708	57	0.080508475	1
特殊药品	759	61	0.080368906	1
地理位置	280263	22458	0.080131876	1
原理	5162	412	0.079814026	1
职员-监事（职工代表）	804	64	0.07960199	1
阐述	1018	81	0.07956778	1
管理	937	74	0.078975454	1
门票	760	60	0.078947368	1
旧称	547	43	0.078610603	1
运营商	1375	108	0.078545455	1
技术特点	2835	222	0.078306878	1
职员-职工代表监事	563	44	0.078152753	1
现任	876	67	0.076484018	1
采用	1668	127	0.076139089	1
成就	3416	260	0.076112412	1
主办单位	15736	1190	0.075622776	1
歌曲原唱	53040	3992	0.075263952	1
UPS类型	1373	103	0.075018208	1
责任者	2064	154	0.074612403	1
是指	507	37	0.072978304	1
又名	635	46	0.072440945	1
如何开始	4016	288	0.071713147	1
摄影	781	56	0.071702945	1
网络制式	1521	109	0.071663379	1
手机制式	1704	122	0.071596244	1
归类	517	37	0.071566731	1
病原	773	55	0.071151358	1
职员-法人代表	506	36	0.071146245	1
唱片销量	552	39	0.070652174	0
称号	3244	229	0.070591862	1
通过	1233	87	0.070559611	1
商业区域	3173	223	0.070280492	1
罕贵度	1113	78	0.070080863	0
登场作品	28950	2021	0.069810017	1
产地	13867	968	0.069806014	1
所属行业	7072	493	0.069711538	1
1	1149	79	0.06875544	1
定义	25571	1758	0.068749756	1
操作	3565	243	0.068162693	1
节日起源	852	58	0.068075117	1
主办方	1657	112	0.067592034	1
创办者	700	47	0.067142857	1
出品公司	33721	2254	0.06684262	1
依据	1817	121	0.066593286	1
语音导航	549	36	0.06557377	1
译者	83752	5470	0.065311873	1
所属学科	1243	81	0.065164924	1
学校属性	4559	297	0.065145865	1
建筑风格	783	51	0.0651341	1
学位/学历	3635	236	0.064924347	1
文物原属	2791	181	0.064851308	1
组织门派	640	41	0.0640625	1
主办	2093	134	0.064022934	1
系统	2066	132	0.063891578	1
出品	2694	171	0.063474388	1
处理器	5405	342	0.063274746	1
主讲人	1063	67	0.063029163	1
标志	508	32	0.062992126	1
打印方式	905	57	0.062983425	1
包装	2183	137	0.062757673	1
屏幕类型	1745	109	0.062464183	1
编曲	20613	1287	0.062436327	1
产权类型	723	45	0.062240664	1
导师	951	59	0.062039958	1
所属菜系	629	39	0.06200318	1
承办单位	1453	90	0.061940812	1
职员-副董事长	83981	5198	0.061894952	1
显示屏	1425	88	0.061754386	1
谱曲	38010	2345	0.061694291	1
创始人	13390	825	0.061613144	1
发布机构	1161	71	0.061154177	1
创立者	986	60	0.060851927	1
也称	1474	89	0.060379919	1
控制方式	2502	151	0.060351719	1
门派	580	35	0.060344828	1
面板材质	720	43	0.059722222	1
根据	1679	100	0.059559261	1
产生	504	30	0.05952381	1
荣誉	11011	654	0.05939515	1
人员编制	843	50	0.059311981	1
额定电压	1186	70	0.059021922	0
原作者	712	42	0.058988764	1
硕士点	1554	91	0.058558559	1
简述	1079	63	0.058387396	1
接口类型	9086	530	0.058331499	1
播出时间	2436	142	0.058292282	0
内胆材质	1033	60	0.058083253	1
频率	1496	86	0.057486631	1
首播电视台	1583	91	0.057485786	1
题材	3569	204	0.057158868	1
游戏题材	562	32	0.056939502	1
宗教信仰	1002	57	0.056886228	1
主编	2340	133	0.056837607	1
格式	1484	84	0.056603774	1
导演	98910	5593	0.056546355	1
户型面积	1186	67	0.056492411	0
创建者	1208	68	0.056291391	1
现状	2914	164	0.056280027	1
设计者	1547	87	0.05623788	1
传输速率	5583	311	0.055704818	0
就诊科室	541	30	0.055452865	1
主力户型	1533	85	0.055446836	1
也叫	722	40	0.055401662	1
门票价格	7474	414	0.055392026	1
平台	5712	313	0.054796919	1
DLL文件	695	38	0.054676259	1
产品规格	2495	136	0.054509018	1
测量范围	977	53	0.054247697	1
关于	668	36	0.053892216	1
作品类型	3676	197	0.05359086	1
产品类型	64688	3451	0.05334838	1
职员-职工董事	1727	91	0.05269253	1
补充	990	52	0.052525253	1
粉丝名	572	30	0.052447552	1
混缩	536	28	0.052238806	1
病原中文名	1226	64	0.052202284	1
职员-董事长	337464	17562	0.052041107	1
地处	2490	129	0.051807229	1
MV导演	3104	160	0.051546392	1
发生地点	1035	53	0.051207729	0
环线位置	1202	61	0.050748752	1
角逐赛事	2157	109	0.050533148	1
喜欢的人	504	25	0.049603175	1
设立	511	25	0.048923679	1
制动方式	677	33	0.048744461	1
发布部门	723	35	0.048409405	1
CPU插槽	8409	407	0.048400523	1
引擎类型	724	35	0.048342541	1
职员-监事	2932515	140836	0.048025671	1
号	2685	128	0.047672253	1
地域	1051	50	0.047573739	1
应用类别	652	31	0.047546012	1
制作工艺	2977	141	0.047363117	1
工作电压	763	36	0.047182176	0
剂型	6227	292	0.046892565	1
居民	812	38	0.04679803	1
历史	4509	209	0.046351741	1
安全等级	518	24	0.046332046	0
拥有者	1017	47	0.046214356	1
地方	589	27	0.045840407	1
楼盘地址	17632	807	0.045769056	0
发现	549	25	0.045537341	1
批准单位	1670	76	0.045508982	1
游戏标签	5217	237	0.045428407	1
演出时间	1057	48	0.045411542	0
游戏	840	38	0.045238095	1
游戏语言	12339	558	0.045222465	1
展馆位置	531	24	0.04519774	1
电压	1000	45	0.045	0
制片地区	73372	3269	0.044553781	1
主人	653	29	0.044410413	1
工艺	9776	434	0.044394435	1
编制	676	30	0.044378698	1
出现	797	35	0.04391468	1
执行标准	1075	47	0.04372093	1
容纳人数	990	43	0.043434343	0
续航时间	1087	46	0.042318307	0
航速	520	22	0.042307692	1
外观设计	9763	413	0.042302571	1
封爵	615	26	0.042276423	1
主管部门	7137	301	0.042174583	1
所用厨具	522	22	0.042145594	1
产品结构	712	30	0.042134831	1
文物现状	1377	58	0.042120552	1
职员-首席代表	9745	409	0.041970241	1
驱动方式	1764	74	0.041950113	1
输入电压	644	27	0.041925466	0
负责人	837	35	0.04181601	1
歌曲语言	33089	1378	0.04164526	1
职员-副理事长	2831	117	0.041328153	1
牌号	726	30	0.041322314	0
提出	947	39	0.041182682	1
操作方式	1419	58	0.040873855	1
宗教	1009	41	0.040634291	1
郑码	748	30	0.040106952	0
职员-董事长兼总经理	58746	2354	0.040070813	1
爵位	1230	49	0.039837398	1
使用方式	603	24	0.039800995	1
作词	4007	159	0.039680559	1
网络类型	1910	75	0.039267016	1
活动时间	586	23	0.039249147	1
学位	3371	132	0.03915752	1
职员-监事会主席	20061	774	0.038582324	1
车型尺寸	1090	42	0.03853211	0
亦作	730	28	0.038356164	1
繁殖方式	551	21	0.038112523	1
族	19605	744	0.037949503	0
软件语言	11008	417	0.037881541	1
CV	792	30	0.037878788	1
主唱	876	33	0.037671233	1
演唱者	10418	390	0.037435208	1
等级	5741	214	0.037275736	0
博士点	1185	44	0.037130802	1
基于	972	36	0.037037037	1
产品电压	515	19	0.036893204	1
职员-执行董事	1221985	44954	0.036787686	1
开放时间	11388	418	0.036705304	0
发行商	16077	588	0.036573988	1
主题曲	771	28	0.036316472	1
配偶	1628	59	0.036240786	1
频率范围	1466	53	0.036152797	1
节日时间	2106	76	0.036087369	0
距离	721	26	0.036061026	1
作品类别	1388	50	0.036023055	1
文献记载	530	19	0.035849057	1
居住地	1340	48	0.035820896	0
语言版本	1461	52	0.03559206	1
职员-董事、总经理	686	24	0.034985423	1
艺名	515	18	0.034951456	1
播出频道	1778	62	0.034870641	1
手机昵称	517	18	0.034816248	1
属性	60018	2087	0.034772901	1
职员-董事兼总经理	51500	1790	0.034757282	1
地位	13704	476	0.034734384	1
发文单位	2423	84	0.034667767	1
举办地点	3437	119	0.034623218	0
适宜游玩季节	608	21	0.034539474	1
英文别名	726	25	0.034435262	1
IMDB评分	873	30	0.034364261	0
系别	615	21	0.034146341	1
声优	3696	126	0.034090909	1
设计师	858	29	0.033799534	1
所属领域	1215	41	0.033744856	1
高速缓存	593	20	0.033726813	0
打印速度	1187	40	0.033698399	0
毕业院校	240311	8006	0.033315162	1
网站类型	7420	247	0.03328841	1
电源版本	1473	49	0.033265445	0
板块	4164	138	0.03314121	1
展会名称	1663	55	0.03307276	0
副标题	87743	2897	0.033016879	1
称为	546	18	0.032967033	1
起源	6081	200	0.032889327	1
实质	17000	559	0.032882353	1
位置	43900	1441	0.032824601	0
文件	734	24	0.032697548	1
网站	646	21	0.03250774	1
发布	710	23	0.032394366	1
小说类别	10527	340	0.032297901	1
政党	2609	84	0.032196244	1
是否处方药	8450	272	0.032189349	1
专题	1091	35	0.03208066	1
区域	2964	95	0.032051282	1
简称	45277	1448	0.031980917	1
第一章 总 则	692	22	0.031791908	1
车位	568	18	0.031690141	1
携带方式	727	23	0.031636864	1
职员-家庭成员	36373	1141	0.031369422	1
所属分类	5920	185	0.03125	1
第一章 总则	846	26	0.030732861	1
学科专业	652	20	0.030674847	1
温度	1045	32	0.03062201	0
摄像头	1078	33	0.030612245	1
依托	1381	42	0.030412744	1
原型	792	24	0.03030303	1
职员-负责人	240624	7290	0.03029623	1
连载杂志	1916	58	0.030271399	1
职员-监事主席	6747	204	0.03023566	1
申报单位	695	21	0.030215827	1
发明者	2000	60	0.03	1
洗印格式	500	15	0.03	0
拓片制作年代	501	15	0.02994012	0
职员-副董事长兼总经理	803	24	0.02988792	1
第一章　总则	3355	100	0.029806259	1
原作	16083	478	0.029720823	1
产品品牌	677	20	0.029542097	1
国家/地区	2103	62	0.029481693	0
职员-执行董事兼总经理	1010084	29737	0.029440126	1
像素	646	19	0.029411765	0
CPU型号	23073	677	0.029341655	0
其他平台	682	20	0.029325513	1
学科	7717	226	0.029285992	1
发源地	2495	73	0.029258517	1
毒性	857	25	0.029171529	0
现居地	1314	38	0.02891933	0
体长	1249	36	0.028823058	0
CPU	1114	32	0.028725314	1
安装方式	1929	54	0.027993779	1
临床职称	3386	94	0.02776137	1
开始	650	18	0.027692308	1
操作系统	10885	299	0.027468994	1
分级	7720	212	0.02746114	1
职员-董事、经理	804	22	0.027363184	1
作者	2477267	66978	0.027037053	1
批准	630	17	0.026984127	1
会员	965	26	0.026943005	1
校歌	934	25	0.026766595	0
混音	1437	38	0.026443981	1
发动机	832	22	0.026442308	1
第一章　总　则	683	18	0.026354319	1
提出者	6669	175	0.026240816	1
妻子	1259	33	0.026211279	0
源自	1149	30	0.026109661	1
亚属	5681	148	0.026051751	0
内存	2431	63	0.025915261	0
民族族群	13243	343	0.025900476	1
第二条	17373	448	0.025787141	0
词性	14243	366	0.025696834	0
版本	7919	203	0.02563455	0
生于	1331	34	0.025544703	1
设定地点	589	15	0.025466893	0
游戏类型	138079	3515	0.025456442	1
数量	1927	49	0.025428127	0
本质	5231	133	0.025425349	1
播放期间	1734	44	0.025374856	1
介质	1577	40	0.025364616	1
原著	832	21	0.025240385	1
性质	114772	2889	0.025171645	1
详细介绍	761	19	0.024967148	1
最新章节	610	15	0.024590164	0
词目	2768	68	0.024566474	1
菜系	1895	46	0.024274406	1
建立	991	24	0.024217962	1
丈夫	1824	44	0.024122807	0
扬声器单元	625	15	0.024	1
学历	18138	435	0.023982799	0
装修情况	2968	71	0.023921833	1
作曲	4516	107	0.023693534	1
中医病名	761	18	0.023653088	0
产品名称	1186	28	0.023608769	0
系列	27301	643	0.023552251	1
收藏	1461	34	0.023271732	1
组织单位	517	12	0.023210832	1
单行本册数	1555	36	0.023151125	0
漫画类型	1080	25	0.023148148	1
发现者	3855	89	0.0230869	1
品质	2430	56	0.023045267	1
游戏引擎	957	22	0.022988506	1
B(厚度)	1655	38	0.022960725	0
运营公司	658	15	0.022796353	1
开发者	748	17	0.022727273	1
种族	3047	69	0.022645225	0
机构性质	530	12	0.022641509	1
工作方式	3137	71	0.022633089	1
停车位	929	21	0.022604952	1
研发	665	15	0.022556391	1
第三条	17256	389	0.022542884	0
起源地	624	14	0.022435897	1
接口技术	2381	53	0.022259555	1
作画	1001	22	0.021978022	1
职员-执行监事	14719	323	0.021944426	1
拉丁学名	96305	2113	0.021940709	0
项目位置	7173	157	0.021887634	1
质量	779	17	0.02182285	1
发行	2447	53	0.021659174	1
功耗	509	11	0.021611002	1
学校类型	14070	304	0.021606254	1
丛书系列	787	17	0.021601017	1
运营方式	696	15	0.021551724	1
平均传输率	747	16	0.021419009	0
存储介质	1684	36	0.021377672	1
经纪公司	12306	263	0.021371689	1
副作用	10132	216	0.021318595	1
频率响应	751	16	0.021304927	1
所属系列	3475	74	0.021294964	1
原产国	565	12	0.021238938	1
发行公司	24350	517	0.021232033	1
售楼地址	850	18	0.021176471	0
创办	1049	22	0.020972355	1
硬盘容量	7519	157	0.020880436	0
现任主教练	1009	21	0.020812686	1
公式	769	16	0.020806242	1
医院类型	4582	95	0.020733304	1
职员-董事兼经理	772	16	0.020725389	1
黑白打印速度	725	15	0.020689655	0
记载	2855	59	0.020665499	1
节日类型	1116	23	0.020609319	1
票房	2485	51	0.020523139	0
职员-董事长、总经理	537	11	0.020484171	1
花期	636	13	0.020440252	0
第四条	16402	335	0.020424338	0
正文语种	20394	416	0.020398156	0
震级	640	13	0.0203125	0
学校地址	4484	91	0.02029438	0
展会地点	741	15	0.020242915	0
原称	545	11	0.020183486	1
传感器尺寸	556	11	0.019784173	0
职员-董事长、经理	709	14	0.019746121	1
病原类型	710	14	0.01971831	1
章节	761	15	0.019710907	1
人数	2912	57	0.019574176	0
任职单位	513	10	0.019493177	1
排量	517	10	0.01934236	0
谥号	2588	50	0.019319938	1
班级	574	11	0.019163763	1
源于	1931	37	0.019161056	1
读者对象	1523	29	0.019041366	1
研制单位	897	17	0.018952062	1
词曲	530	10	0.018867925	1
公司类型	1920	36	0.01875	1
时期	4782	89	0.01861146	1
专辑歌手	11686	216	0.018483656	1
景点级别	8878	164	0.018472629	1
相关文献	1842	34	0.018458198	1
信仰	43139	794	0.018405619	1
摄像头像素	1370	25	0.018248175	0
来自	2193	40	0.018239854	1
总容积	3636	66	0.018151815	0
第一章	613	11	0.017944535	0
出处	86794	1557	0.017939028	1
连接方式	3911	70	0.017898236	1
博士后流动站	615	11	0.017886179	1
软件类别	7513	134	0.017835751	1
出版社	939420	16728	0.017806732	1
内存类型	7022	125	0.017801196	1
气候类型	11499	202	0.017566745	1
生育期	856	15	0.017523364	1
会议	519	9	0.01734104	1
年龄	13201	228	0.017271419	0
位于	37104	639	0.017221863	0
游戏画面	8603	148	0.017203301	1
神话体系	874	15	0.017162471	1
化学式	7619	130	0.017062607	0
外文名	761085	12978	0.017051972	1
第五条	16345	278	0.017008259	0
书名	674334	11456	0.016988614	0
级别	9038	153	0.016928524	1
硬度	1005	17	0.016915423	0
容量	3370	57	0.016913947	0
病原拉丁学名	653	11	0.016845329	0
最高时速	1079	18	0.016682113	0
设计类型	783	13	0.01660281	0
场上位置	22058	366	0.016592619	1
工作湿度	544	9	0.016544118	0
适用职业	1274	21	0.016483516	1
文献	1583	26	0.01642451	1
传输接口	550	9	0.016363636	1
职员-执行董事兼经理	44973	735	0.016343139	1
婚姻状况	1776	29	0.016328829	0
类属	2826	46	0.016277424	1
玩家人数	12307	200	0.016250914	0
党员	2592	42	0.016203704	1
号码	926	15	0.016198704	1
待机时间	563	9	0.01598579	0
产量	507	8	0.015779093	0
面板	507	8	0.015779093	1
加速时间	571	9	0.015761821	0
售价	635	10	0.015748031	1
出版周期	7307	115	0.015738333	1
打印页数	510	8	0.015686275	0
主场馆	1150	18	0.015652174	1
出版	1091	17	0.015582035	1
字	7109	110	0.015473344	0
所属	11768	180	0.015295717	1
总推荐	981	15	0.01529052	1
设定时间	655	10	0.015267176	0
发行阶段	2250	34	0.015111111	1
密度	2934	44	0.014996592	0
产品外形	1202	18	0.014975042	1
职员-监事长	7484	112	0.014965259	1
工作单位	1938	29	0.01496388	1
行政村	606	9	0.014851485	1
车牌代码	21727	321	0.014774244	0
时代	9220	136	0.014750542	1
职员-执行董事、经理	25033	366	0.014620701	1
出现时间	1437	21	0.014613779	1
最新版本	5485	80	0.014585232	0
方位	1168	17	0.014554795	0
病毒长度	1929	28	0.014515293	0
年营业额	7745	112	0.014460943	0
加热方式	1393	20	0.014357502	1
时区	709	10	0.014104372	0
插画	853	12	0.014067995	1
学名	1713	24	0.014010508	0
联系电话	1149	16	0.013925152	1
原名	12492	173	0.013848863	1
发音	3468	48	0.01384083	1
生产商	1090	15	0.013761468	1
卷数	1238	17	0.013731826	0
全院人数	1020	14	0.01372549	0
游戏人数	876	12	0.01369863	0
行业	6142545	83958	0.013668276	1
校园面积	588	8	0.013605442	0
唱片公司	9980	135	0.013527054	1
歌手	813368	10988	0.01350926	1
硬盘	519	7	0.013487476	0
稀有度	594	8	0.013468013	0
周期	1042	14	0.013435701	0
进程文件	1504	20	0.013297872	1
归属	1744	23	0.013188073	1
会长	915	12	0.013114754	1
所属游戏	1068	14	0.013108614	1
制造商	1221	16	0.013104013	1
中医学名	999	13	0.013013013	1
展会面积	925	12	0.012972973	0
保质期	1312	17	0.012957317	0
闪点	1004	13	0.012948207	1
所属国	618	8	0.012944984	0
主席	775	10	0.012903226	1
流域面积	1708	22	0.012880562	0
平均海拔	1168	15	0.012842466	0
职员-执行董事，总经理	19080	243	0.012735849	1
营业时间	117712	1497	0.01271748	0
体积	1101	14	0.012715713	1
公司总部	552	7	0.012681159	0
投资商	631	8	0.012678288	1
集数	26963	341	0.012646961	0
读音	8981	113	0.012582118	1
第六条	16292	204	0.012521483	0
家乡	722	9	0.012465374	1
教授	724	9	0.012430939	1
军衔	1368	17	0.012426901	1
地点	111901	1390	0.012421694	0
出土地点	2850	35	0.012280702	0
国别	1965	24	0.01221374	1
出自	13123	160	0.012192334	1
人口	163739	1994	0.012177917	0
厂商	1151	14	0.012163336	1
亚种	5181	63	0.012159815	0
坐落于	2961	36	0.012158055	0
主管单位	7207	87	0.012071597	0
所属文库	664	8	0.012048193	1
相关文件	582	7	0.012027491	1
机箱材质	582	7	0.012027491	1
资源类型	998	12	0.012024048	1
前身	12001	144	0.011999	1
工作人员	584	7	0.011986301	1
编辑单位	3423	41	0.011977797	1
教师	1087	13	0.011959522	1
出版期间	1424	17	0.011938202	1
自然村	503	6	0.011928429	1
职员-理事长兼经理	589	7	0.01188455	1
制冷方式	506	6	0.011857708	1
制作公司	7254	86	0.011855528	1
校址	511	6	0.011741683	0
高度	2563	30	0.011705033	0
销售状态	856	10	0.011682243	0
所在地	9935	116	0.011675893	0
职员-执行董事，经理	5158	60	0.011632416	1
所属运动队	33976	390	0.011478691	1
最高海拔	619	7	0.011308562	0
国家	30256	342	0.011303543	1
职员-理事长	42981	484	0.01126079	1
人口密度	714	8	0.011204482	0
站点	804	9	0.01119403	1
创立	989	11	0.011122346	1
功率	4144	46	0.011100386	0
名称	9393	104	0.011072075	0
出生	2267	25	0.01102779	1
属于	22915	251	0.010953524	1
代码	823	9	0.010935601	0
所属机构	643	7	0.01088647	1
原版名称	34470	374	0.010850015	0
服役时间	831	9	0.010830325	0
常住人口	1944	21	0.010802469	0
沸点	2041	22	0.01077903	0
工作温度	2042	22	0.010773751	0
详细信息	10663	114	0.010691175	1
现藏	655	7	0.010687023	1
语言类型	1597	17	0.010644959	1
灵敏度	658	7	0.010638298	0
隶属单位	1990	21	0.010552764	1
亚族	570	6	0.010526316	0
工作时间	571	6	0.010507881	0
第六章　附则	1144	12	0.01048951	1
开发	1050	11	0.01047619	1
系统内存	1051	11	0.010466223	0
纹路颜色	574	6	0.010452962	0
有效期	671	7	0.010432191	0
影响系统	1444	15	0.010387812	1
直径	2047	21	0.010258915	0
选育单位	8714	89	0.01021345	1
软件版本	4605	47	0.010206298	0
所属专题	1083	11	0.010156971	1
入住时间	693	7	0.01010101	0
小区地址	5448	55	0.010095448	0
界面语言	1491	15	0.010060362	1
上映日期	903	9	0.009966777	0
第七条	16168	161	0.009957942	0
车身重量	807	8	0.009913259	0
文化程度	1110	11	0.00990991	0
环境温度	811	8	0.009864365	0
相机类型	1014	10	0.009861933	1
修业年限	508	5	0.00984252	0
所属年代	3460	34	0.00982659	0
ISRC	723	7	0.009681881	0
显示屏尺寸	3624	35	0.009657837	0
农历	1556	15	0.009640103	0
区域板块	7159	69	0.009638218	1
所属集团	519	5	0.009633911	0
揭载号	521	5	0.009596929	0
适合机型	523	5	0.009560229	1
适用地区	1677	16	0.009540847	1
主要工艺	3153	30	0.009514748	1
职员-32	526	5	0.009505703	0
第五十八条	951	9	0.009463722	0
作品出处	15378	145	0.009429054	0
创建	1704	16	0.009389671	0
职员-总经理	460841	4321	0.009376336	1
宽度	2349	22	0.009365688	0
电视台	643	6	0.00933126	1
所属专辑	42518	396	0.009313702	0
开本	260900	2427	0.009302415	0
第六十五条	540	5	0.009259259	0
产权年限	1734	16	0.00922722	0
选自	764	7	0.009162304	1
典源	657	6	0.00913242	1
电池类型	3614	33	0.009131157	1
球场	660	6	0.009090909	0
通话时间	661	6	0.009077156	0
摘录	551	5	0.00907441	0
第六十二条	666	6	0.009009009	0
型号	47850	431	0.009007315	0
第四十七条	2123	19	0.0089496	0
学生	3466	31	0.008944028	0
口径	2362	21	0.008890771	0
颜色类型	680	6	0.008823529	1
职员-1001	4539	40	0.008812514	0
定名人	796	7	0.00879397	0
第五十二条	1490	13	0.008724832	0
行政级别	689	6	0.008708273	0
速度	2659	23	0.008649868	0
资产总额	579	5	0.008635579	0
分辨率	9885	85	0.008598887	0
职员-30	702	6	0.008547009	0
年份	2356	20	0.008488964	0
屏幕材质	827	7	0.008464329	1
二名法	9950	84	0.008442211	0
学校代码	1659	14	0.008438819	0
发行日期	18407	155	0.00842071	0
系	1669	14	0.008388256	0
第四十二条	2990	25	0.008361204	0
发生时间	1917	16	0.008346375	0
第九条	15846	132	0.008330178	0
扩展插槽	847	7	0.008264463	0
外形尺寸	6293	52	0.00826315	0
作品大类	848	7	0.008254717	1
参考价格	1941	16	0.008243174	0
纲	110294	909	0.008241609	0
简写	608	5	0.008223684	1
人口数量	1464	12	0.008196721	0
职员-经理	599780	4880	0.008136317	1
全称	9295	75	0.008068854	1
城市	5832	47	0.008058985	0
英文简称	870	7	0.008045977	1
生产企业	622	5	0.008038585	1
所在城市	3484	28	0.008036739	0
公司	6904	55	0.007966396	0
经济总收入	504	4	0.007936508	0
产品尺寸	3930	31	0.007888041	0
价格	5975	47	0.007866109	0
影片名称	1019	8	0.007850834	0
插槽类型	1274	10	0.007849294	1
第四十条	3442	27	0.007844277	0
客房	1149	9	0.007832898	0
父亲	3958	31	0.007832239	0
第三十四条	5117	40	0.00781708	0
区位	1159	9	0.007765315	0
大小	29739	229	0.007700326	0
股票代码	780	6	0.007692308	0
成像器件	650	5	0.007692308	0
歌曲时长	18214	140	0.007686395	0
第八条	16011	123	0.007682218	0
资费	1434	11	0.007670851	0
物业费	5478	42	0.007667032	0
职员-4	7335	56	0.007634628	0
交换方式	786	6	0.007633588	1
资源格式	791	6	0.007585335	1
职员-2	7519	57	0.007580795	0
人均GDP	528	4	0.007575758	0
所属地区	226243	1713	0.007571505	0
所处时代	38568	291	0.007545115	0
第五十条	1731	13	0.00751011	0
第五十一条	1602	12	0.007490637	0
3.5英寸仓位	2012	15	0.007455268	0
制作发行	1615	12	0.007430341	0
职员-清算组负责人	2558	19	0.007427678	1
第七章　附则	949	7	0.007376185	0
开发公司	2864	21	0.007332402	0
第十一条	15174	109	0.00718334	0
第四十八条	1960	14	0.007142857	0
举办时间	3362	24	0.007138608	0
纯度	704	5	0.007102273	0
精灵属性	706	5	0.007082153	1
所属水系	708	5	0.007062147	0
第四十九条	1846	13	0.007042254	0
全名	1868	13	0.006959315	0
农业人口	1151	8	0.006950478	0
适用面积	2022	14	0.006923838	0
总笔画	4658	32	0.006869901	0
职员-经营者	56102	385	0.0068625	1
职员-投资人	32530	223	0.006855211	1
油耗	740	5	0.006756757	0
英文名称	264662	1783	0.006736895	1
漫画状态	597	4	0.006700168	0
第五十五条	1197	8	0.006683375	0
时长	899	6	0.006674082	0
馆藏地点	1948	13	0.006673511	0
举办城市	1207	8	0.006628003	0
第十条	15552	103	0.006622942	0
第十五条	13453	89	0.006615625	0
生产公司	909	6	0.00660066	0
第三十二条	5759	38	0.006598368	0
第二十四条	9023	59	0.006538845	0
光学分辨率	919	6	0.006528836	0
学校占地	767	5	0.006518905	0
第十四条	13876	90	0.006486019	0
朝代	12056	78	0.006469808	0
专辑时长	1083	7	0.006463527	0
公司地址	1558	10	0.006418485	0
第五章　附则	779	5	0.006418485	0
第十二条	14811	95	0.006414152	0
生产厂家	5145	33	0.006413994	0
摆放方式	624	4	0.006410256	0
病毒类型	5308	34	0.006405426	1
漫画作者	937	6	0.006403415	1
每集长度	8296	53	0.006388621	0
新型号	1727	11	0.006369427	0
转速	1416	9	0.006355932	0
演出场馆	632	4	0.006329114	0
学生人数	4607	29	0.006294769	0
第二十七条	7660	48	0.006266319	0
作品体裁	1277	8	0.006264683	1
轴承型号	4151	26	0.006263551	0
开发商	45284	283	0.006249448	1
语种	12653	79	0.006243579	1
连载期间	2084	13	0.006238004	0
学校占地面积	643	4	0.00622084	0
出生地	514660	3188	0.006194381	0
分子式	14582	90	0.006171993	0
游戏版本	3406	21	0.00616559	0
粤语名	650	4	0.006153846	0
屏幕色彩	815	5	0.006134969	0
起源时间	987	6	0.006079027	0
第二十一条	10406	63	0.0060542	0
职员-22	666	4	0.006006006	0
邮发代号	3688	22	0.005965293	0
海拔高度	1344	8	0.005952381	0
电源类型	1849	11	0.005949162	1
通车时间	844	5	0.005924171	0
职员-34	507	3	0.00591716	0
第八章　附则	508	3	0.005905512	0
品牌	54230	319	0.005882353	1
第六十六条	510	3	0.005882353	0
总部	3925	23	0.005859873	0
第二十二条	9964	58	0.005820955	0
第14条	517	3	0.005802708	0
一级学科	1043	6	0.005752637	0
繁体	1925	11	0.005714286	0
第三十六条	4556	26	0.00570676	0
校长	703	4	0.0056899	0
汉语拼音	2110	12	0.005687204	0
政府驻地	16976	96	0.005655042	0
职员-6	2837	16	0.00563976	0
作/译者	1066	6	0.005628518	1
占地面积	67538	380	0.005626462	0
第三十一条	6044	34	0.005625414	0
保护级别	889	5	0.005624297	0
亚目	17796	100	0.00561924	0
党派	892	5	0.005605381	0
职员-20	717	4	0.005578801	0
ISSN	538	3	0.005576208	0
第十三条	14355	80	0.005572971	0
作品名称	91876	511	0.005561844	0
申请单位	907	5	0.005512679	0
董事长	1819	10	0.005497526	0
投影机类型	546	3	0.005494505	1
第二十三条	9488	52	0.005480607	0
缩写	3674	20	0.005443658	1
员工数	31427	171	0.005441181	0
熔点	3134	17	0.005424378	0
第五十四条	1291	7	0.005422153	0
发布单位	35287	191	0.005412758	0
第五十六条	1109	6	0.00541028	0
启用时间	1109	6	0.00541028	0
单位	68411	369	0.005393869	0
现任院长	557	3	0.005385996	0
第十八条	11954	64	0.005353856	0
职员-18	748	4	0.005347594	0
起点	1310	7	0.005343511	0
第四十一条	3183	17	0.005340873	0
部首	5246	28	0.0053374	0
职员-8	1501	8	0.00532978	0
职员-12	944	5	0.00529661	0
第四十六条	2270	12	0.005286344	0
生产单位	1135	6	0.005286344	0
连载平台	3034	16	0.005273566	0
标准座位数	950	5	0.005263158	0
审定单位	570	3	0.005263158	1
核心数	574	3	0.005226481	0
隶属	42127	220	0.005222304	0
土地面积	1342	7	0.005216095	0
进化阶段	576	3	0.005208333	0
显示芯片	1926	10	0.005192108	0
中文名	5853536	30197	0.005158762	1
现任校长	17080	88	0.005152225	0
第二十五条	8541	44	0.005151622	0
第三十五条	4854	25	0.005150391	0
第十九条	11459	59	0.005148791	0
球衣号码	9001	46	0.005110543	0
职员-16	783	4	0.005108557	0
职员-10	1177	6	0.005097706	0
执业地点	2158	11	0.005097312	0
科名	982	5	0.00509165	1
职员-遗留状态	791	4	0.00505689	0
第三十八条	3968	20	0.005040323	0
第六十条	798	4	0.005012531	0
第13条	600	3	0.005	0
UniCode	600	3	0.005	0
主场	801	4	0.004993758	0
人均收入	1205	6	0.004979253	0
第10条	804	4	0.004975124	0
海拔	44490	221	0.004967408	0
职员-28	605	3	0.004958678	0
楼高	2228	11	0.004937163	0
目录	8321	41	0.004927292	0
通高	611	3	0.004909984	0
公司性质	145554	713	0.004898526	0
建造时间	2654	13	0.004898267	0
屏幕尺寸	34827	170	0.00488127	0
总线接口	1230	6	0.004878049	0
厂房面积	820	4	0.004878049	0
种	55578	271	0.00487603	0
开始时间	1850	9	0.004864865	0
职员-26	619	3	0.004846527	0
第五十七条	1032	5	0.004844961	0
第二十九条	6825	33	0.004835165	0
产品功率	2735	13	0.004753199	0
时间	88642	421	0.004749442	0
第二十条	10953	52	0.004747558	0
院长	1482	7	0.004723347	0
职员-24	637	3	0.004709576	0
游戏原名	639	3	0.004694836	1
第二十八条	7251	34	0.004689008	0
日文名	3415	16	0.004685212	1
职员-14	854	4	0.004683841	0
第二十六条	8114	38	0.004683263	0
第十七条	12425	58	0.004668008	0
键盘接口	643	3	0.00466563	0
感情色彩	646	3	0.004643963	1
拉丁名	862	4	0.004640371	0
品种类型	648	3	0.00462963	1
生日	650	3	0.004615385	0
所属国家	8267	38	0.004596589	0
软件授权	2176	10	0.004595588	1
核心数量	654	3	0.004587156	0
总经理	655	3	0.004580153	0
所属科室	1969	9	0.004570848	1
面积	172740	787	0.00455598	0
色彩	31671	144	0.004546746	1
总线类型	662	3	0.004531722	1
最大存储容量	664	3	0.004518072	0
长	4466	20	0.00447828	0
第三十七条	4246	19	0.0044748	0
游戏名称	3156	14	0.004435995	0
作品状态	1819	8	0.004398021	0
第五十三条	1385	6	0.00433213	0
第四十三条	2804	12	0.004279601	0
厚度	8648	37	0.004278446	0
全长	6789	29	0.004271616	0
第三十三条	5412	23	0.004249815	0
卡片种类	2590	11	0.004247104	1
第十六条	12968	55	0.004241209	0
最高分辨率	3539	15	0.004238485	0
体重	67374	284	0.004215276	0
软件性质	1187	5	0.0042123	1
曲目数量	5246	22	0.004193671	0
第六十一条	716	3	0.004189944	0
地区	237877	995	0.004182834	0
拼音	108043	447	0.004137242	0
动态对比度	2190	9	0.004109589	0
母亲	1469	6	0.004084411	0
行政区类别	120259	491	0.004082855	1
主板芯片组	2695	11	0.004081633	0
电话区号	29891	122	0.004081496	0
第三十九条	3706	15	0.004047491	0
第三十条	6432	26	0.004042289	0
最高传输速率	500	2	0.004	0
制片成本	3263	13	0.003984064	0
省份	1759	7	0.003979534	0
轴承系列	3536	14	0.003959276	1
所属城市	758	3	0.003957784	0
支持频段	1522	6	0.003942181	1
下载	1017	4	0.003933137	0
缓存	772	3	0.00388601	0
第一条	17002	66	0.003881896	0
医院等级	3611	14	0.003877042	0
最佳分辨率	1550	6	0.003870968	0
建筑年代	2326	9	0.003869304	0
英文缩写	1037	4	0.003857281	1
运动项目	76755	296	0.003856426	0
修建时间	1299	5	0.003849115	0
屏幕比例	5198	20	0.003847634	0
陵墓	520	2	0.003846154	0
建筑面积	41608	160	0.003845414	0
总用地面积	524	2	0.003816794	0
总规划面积	524	2	0.003816794	0
人均纯收入	1575	6	0.003809524	0
官网	530	2	0.003773585	0
外文队名	2958	11	0.003718729	0
办公地址	816	3	0.003676471	0
劳动力	545	2	0.003669725	0
拉丁科名	545	2	0.003669725	0
目	113276	415	0.003663618	0
CASNO	1374	5	0.00363901	0
成立地点	2490	9	0.003614458	0
感光元件	830	3	0.003614458	0
重	555	2	0.003603604	0
东经	559	2	0.003577818	0
区域面积	839	3	0.003575685	0
片长	38918	139	0.003571612	0
建成	565	2	0.003539823	0
翼展	566	2	0.003533569	0
年代	37105	131	0.003530521	0
适合年龄	850	3	0.003529412	1
屏幕分辨率	1705	6	0.003519062	0
首播时间	10260	36	0.003508772	0
北纬	571	2	0.003502627	0
进度	575	2	0.003478261	0
适用频率	578	2	0.003460208	0
第四十四条	2622	9	0.003432494	0
【注音】	594	2	0.003367003	0
局长	2108	7	0.003320683	0
碎纸方式	604	2	0.003311258	1
硬盘盘位	605	2	0.003305785	0
赤经	1216	4	0.003289474	0
发表时间	610	2	0.003278689	0
第四十五条	2446	8	0.003270646	0
行政区域	16914	55	0.003251744	0
丛书	51175	166	0.003243771	1
端口数量	1567	5	0.00319081	0
全生育期	638	2	0.003134796	0
总资产	1915	6	0.003133159	0
更新	1613	5	0.003099814	0
总投资	8081	25	0.003093677	0
注音	49356	152	0.003079666	0
危险级别	650	2	0.003076923	0
ISBN	836035	2572	0.003076426	0
属	94331	290	0.003074281	0
最大功率	2296	7	0.00304878	0
辖区面积	2302	7	0.003040834	0
营业面积	990	3	0.003030303	0
毕业于	994	3	0.003018109	1
第12条	672	2	0.00297619	0
车站等级	1009	3	0.002973241	0
文学体裁	86535	257	0.002969897	1
展会场馆	1014	3	0.00295858	1
西医学名	2713	8	0.002948765	0
开播时间	681	2	0.002936858	0
系列名称	1027	3	0.00292113	1
显存类型	689	2	0.002902758	1
亚门	22836	65	0.002846383	0
政治体制	1056	3	0.002840909	0
警惕程度	704	2	0.002840909	0
单位属性	709	2	0.002820874	1
职工	1434	4	0.0027894	0
定价	598168	1667	0.002786842	0
设备类型	4306	12	0.002786809	1
总部地点	203257	558	0.002745293	0
所属公司	10965	30	0.002735978	0
乡村人口	1462	4	0.002735978	0
法人代表	1473	4	0.002715547	0
菜品口味	1842	5	0.002714441	1
耕地总面积	2224	6	0.002697842	0
传染性	2626	7	0.002665651	0
开盘时间	4156	11	0.002646776	0
占地	12118	32	0.0026407	0
始建于	19320	51	0.002639752	0
建设时间	1145	3	0.002620087	0
中文纲名	767	2	0.002607562	0
主板板型	1151	3	0.002606429	0
处方来源	2309	6	0.002598528	1
佩戴方式	2791	7	0.002508062	1
出版者	798	2	0.002506266	1
科	129072	323	0.002502479	0
产品重量	6439	16	0.002484858	0
授权状态	3242	8	0.002467613	0
中文名称	16238	40	0.002463358	1
是否出版	817	2	0.00244798	0
处理器类型	1237	3	0.002425222	1
应用版本	826	2	0.002421308	0
字数	19898	48	0.002412303	0
纵	830	2	0.002409639	0
存储容量	17091	41	0.002398923	0
游戏容量	843	2	0.002372479	0
编号	6333	15	0.002368546	0
站址	1271	3	0.002360346	0
河长	854	2	0.00234192	0
部外笔画	1714	4	0.002333722	0
重量	16320	38	0.002328431	0
小说状态	2582	6	0.00232378	0
户数	12621	29	0.002297758	0
电池容量	2638	6	0.00227445	0
游戏制作	880	2	0.002272727	0
提出时间	3571	8	0.002240269	0
底色	1824	4	0.002192982	0
邮政区码	31594	69	0.002183959	0
在校学生	4126	9	0.002181289	0
举办展馆	918	2	0.002178649	0
能效等级	2313	5	0.002161695	0
亚纲	38398	81	0.002109485	0
五笔	957	2	0.002089864	0
文件类别	1438	3	0.002086231	0
光驱类型	1442	3	0.002080444	1
主屏分辨率	969	2	0.002063983	0
交房时间	1461	3	0.002053388	0
株高	1960	4	0.002040816	0
职员-执行（常务）董事	99276	197	0.001984367	0
NBA选秀	1010	2	0.001980198	0
住户	508	1	0.001968504	0
显像管类型	515	1	0.001941748	1
连载状态	5684	11	0.001935257	0
文件大小	1034	2	0.001934236	0
更新时间	4679	9	0.001923488	0
主峰海拔	523	1	0.001912046	0
拍摄日期	6286	12	0.001909004	0
内存容量	16815	32	0.001903063	0
适用网络类型	528	1	0.001893939	1
用途分类	9514	18	0.001891949	1
放置方式	530	1	0.001886792	0
成立于	23369	44	0.001882836	0
现效力球队	532	1	0.001879699	0
教学班	2139	4	0.001870033	0
水平视角	535	1	0.001869159	0
页码	535	1	0.001869159	0
最大像素	1071	2	0.001867414	0
兴建时间	536	1	0.001865672	0
额定功率	6980	13	0.001862464	0
首发状态	539	1	0.001855288	0
南北长	541	1	0.001848429	0
终点	1085	2	0.001843318	0
CAS号	12551	23	0.001832523	0
质量(kg)	550	1	0.001818182	0
影响平台	1103	2	0.001813237	0
村民小组	2209	4	0.001810774	1
感光器件	553	1	0.001808318	0
耐力	556	1	0.001798561	0
山林面积	561	1	0.001782531	0
摄制格式	561	1	0.001782531	0
岩性	1690	3	0.001775148	0
小说字数	564	1	0.00177305	0
审定编号	10847	19	0.001751636	0
籍贯	42819	75	0.001751559	0
批准文号	2310	4	0.001731602	0
更新日期	580	1	0.001724138	0
信噪比	582	1	0.001718213	0
组	4109	7	0.001703578	0
亚科	27013	46	0.001702884	0
幅面	591	1	0.001692047	0
国际刊号	4765	8	0.001678909	0
球场位置	5365	9	0.00167754	0
宽	4177	7	0.001675844	0
竣工时间	4798	8	0.001667361	0
星座	28838	48	0.00166447	0
OD	605	1	0.001652893	0
噪音	605	1	0.001652893	0
旧型号	1213	2	0.001648805	1
充电时间	607	1	0.001647446	0
展会时间	1824	3	0.001644737	0
轴距	1219	2	0.001640689	0
出生时间	1241	2	0.001611604	0
imdb编码	9331	15	0.001607545	0
精灵序号	626	1	0.001597444	0
第六十三条	626	1	0.001597444	0
显卡芯片	9405	15	0.001594896	0
市长	630	1	0.001587302	0
总部位于	631	1	0.001584786	0
游戏发行	632	1	0.001582278	0
主频	632	1	0.001582278	0
文件号	1265	2	0.001581028	0
资费提示	2532	4	0.001579779	0
鼠标接口	1903	3	0.001576458	0
展馆名称	638	1	0.001567398	0
核心架构	639	1	0.001564945	0
均价	3842	6	0.001561687	0
病害类型	642	1	0.001557632	1
制作时间	644	1	0.001552795	0
碎纸效果	651	1	0.001536098	0
标称主频	652	1	0.001533742	0
上映时间	62765	96	0.001529515	0
容积率	11274	17	0.001507894	0
完成字数	4644	7	0.001507321	0
品种类别	1992	3	0.001506024	1
建校时间	668	1	0.001497006	0
中国植物志	1353	2	0.001478197	0
建校年代	1354	2	0.001477105	0
菜名	14255	21	0.001473167	1
尺寸/体积	3403	5	0.001469292	0
排风量	684	1	0.001461988	0
内存大小	687	1	0.001455604	0
现有员工	694	1	0.001440922	0
章数	695	1	0.001438849	0
专业代码	698	1	0.001432665	0
作物种类	2096	3	0.001431298	0
教师人数	2800	4	0.001428571	0
本名	53292	76	0.001426105	1
国内刊号	5621	8	0.001423234	0
品种审定编号	1412	2	0.001416431	0
结束时间	707	1	0.001414427	0
邮编	4244	6	0.001413761	0
发行厂商	719	1	0.001390821	0
额定压力	727	1	0.001375516	0
品种名称	2221	3	0.001350743	0
产品容量	3726	5	0.001341922	0
拉丁目名	1495	2	0.001337793	0
发布时间	11362	15	0.00132019	0
始建时间	4547	6	0.001319551	0
所属丛书	762	1	0.001312336	0
播出状态	762	1	0.001312336	0
血型	20587	27	0.001311507	0
建立时间	9338	12	0.001285072	0
油箱容积	782	1	0.001278772	0
祖籍	4702	6	0.001276053	0
碟片数	793	1	0.001261034	0
手机外形	799	1	0.001251564	0
发布年份	803	1	0.00124533	0
制作难度	3229	4	0.001238774	0
写作进程	8085	10	0.001236858	1
空调匹数	3238	4	0.00123533	0
开业	810	1	0.001234568	0
药品名称	26110	32	0.001225584	1
并发连接数	817	1	0.00122399	0
出土时间	818	1	0.001222494	0
国土面积	10705	13	0.001214386	0
外观样式	828	1	0.001207729	0
日期	6636	8	0.001205546	0
内径	18270	22	0.00120416	0
条形码	13373	16	0.001196441	0
首发网站	6815	8	0.001173881	1
装备品质	856	1	0.001168224	0
国籍	837379	977	0.001166736	1
作品性质	1720	2	0.001162791	0
城区	10324	12	0.00116234	1
第五十九条	862	1	0.001160093	0
年降水量	5176	6	0.001159196	0
所在区域	4317	5	0.001158212	0
小说作者	6117	7	0.001144352	0
游戏语音	883	1	0.001132503	0
门	117558	132	0.00112285	0
生肖	1785	2	0.001120448	0
软件大小	12513	14	0.001118836	0
总库容	902	1	0.001108647	0
姓名	17252	19	0.001101322	0
核心代号	919	1	0.001088139	0
专任教师	935	1	0.001069519	1
固定资产	1901	2	0.001052078	0
专辑	809252	850	0.001050353	0
所需时间	1923	2	0.001040042	0
绿化面积	976	1	0.00102459	0
纸张	6842	7	0.001023093	0
实施日期	1966	2	0.001017294	0
始创于	984	1	0.00101626	0
投影技术	4985	5	0.001003009	1
耕地面积	23378	23	0.000983831	0
物业公司	11243	11	0.000978387	1
版次	20492	20	0.000975991	0
冷藏室容积	1026	1	0.000974659	0
扫描元件	1027	1	0.00097371	0
处理器型号	8219	8	0.000973354	0
装帧	400763	389	0.000970648	0
亮度	4136	4	0.000967118	0
外径	11385	11	0.000966184	0
分子量	15652	15	0.000958344	0
高	5226	5	0.000956755	0
更名时间	1047	1	0.00095511	0
对比度	2136	2	0.00093633	0
小说书号	2145	2	0.000932401	0
核心频率	2155	2	0.000928074	0
楼盘名	36915	34	0.000921035	0
赤纬	1106	1	0.000904159	0
卡种	1121	1	0.000892061	0
院长姓名	1126	1	0.000888099	0
区号	1143	1	0.000874891	0
发行时间	62134	54	0.000869089	0
民族	437590	376	0.000859252	0
标准分辨率	1164	1	0.000859107	0
作品驻站	1175	1	0.000851064	0
散热器类型	1182	1	0.000846024	1
发布文号	1182	1	0.000846024	0
标配CPU数量	1199	1	0.000834028	0
有效像素	2409	2	0.00083022	0
额定耗电量	1216	1	0.000822368	0
联赛级别	3688	3	0.000813449	0
创作年代	90546	73	0.00080622	0
首发	1242	1	0.000805153	0
出版地	2501	2	0.00079968	0
轴承外径	1289	1	0.000775795	0
d	1292	1	0.000773994	0
中文科名	1342	1	0.000745156	0
冷暖类型	4037	3	0.000743126	1
商品重量	1346	1	0.000742942	0
难易程度	1350	1	0.000740741	0
机箱类型	4120	3	0.000728155	1
主屏尺寸	4146	3	0.000723589	0
通过时间	2876	2	0.00069541	0
附魔等级	1468	1	0.000681199	0
游戏站点	16207	11	0.000678719	1
上市时间	21310	14	0.000656969	0
教职工	4766	3	0.000629459	1
发现时间	3220	2	0.000621118	0
创办于	1621	1	0.000616903	0
软件名称	8177	5	0.000611471	0
总点击	3327	2	0.000601142	0
中文学名	178968	107	0.000597872	0
耕地	8372	5	0.000597229	0
游戏大小	69826	41	0.000587174	0
面板类型	1705	1	0.00058651	1
所属球队	1729	1	0.000578369	0
EINECS	3472	2	0.000576037	0
出品者	1737	1	0.000575705	0
人均耕地	1769	1	0.000565291	0
OD(外径)	3586	2	0.000557724	0
机箱样式	1824	1	0.000548246	0
所属洲	1836	1	0.000544662	0
中文目名	1855	1	0.000539084	0
创作时间	3727	2	0.000536625	0
创刊时间	7514	4	0.00053234	0
秒伤	1897	1	0.000527148	0
身高	114494	60	0.000524045	0
汽车级别	1913	1	0.000522739	0
发售日期	5779	3	0.000519121	0
机构类别	1929	1	0.000518403	1
中文队名	3893	2	0.000513743	1
处理器主频	7851	4	0.000509489	0
威胁级别	1979	1	0.000505306	0
难度	16065	8	0.000497977	0
显存容量	8066	4	0.000495909	0
小说性质	8661	4	0.00046184	1
年平均气温	17433	8	0.0004589	0
星级	4468	2	0.000447628	0
上市日期	4517	2	0.000442772	0
ASIN	2307	1	0.000433463	0
出品时间	35183	15	0.000426342	0
降水量	2397	1	0.000417188	0
政治面貌	33809	14	0.000414091	0
上线时间	7267	3	0.000412825	0
实施时间	2475	1	0.00040404	0
卡片密码	2523	1	0.000396354	0
命名时间	5184	2	0.000385802	0
出版时间	925028	354	0.000382691	0
文号	50342	19	0.000377418	0
音箱类型	2665	1	0.000375235	1
客房总数	2730	1	0.0003663	0
绿化率	16406	6	0.00036572	0
酒店地址	165311	60	0.000362952	0
页数	626708	222	0.000354232	0
性别	329228	115	0.000349302	0
去世时间	23324	8	0.000342994	0
音箱系统	2970	1	0.0003367	0
平均气温	2984	1	0.000335121	0
出生日期	771014	255	0.000330733	0
房间数量	127377	42	0.00032973	0
逝世日期	107768	35	0.000324772	0
创办时间	82307	25	0.000303741	0
轴承品牌	3334	1	0.00029994	0
需要等级	3415	1	0.000292826	0
地址	5972560	1680	0.000281286	0
惯用脚	14475	4	0.000276339	0
行政代码	3693	1	0.000270783	0
芯片厂商	11302	3	0.00026544	0
空调类型	4027	1	0.000248324	1
d(内径)	4082	1	0.000244978	0
成立时间	188990	45	0.000238108	0
主芯片组	9559	2	0.000209227	0
CPU主频	15296	3	0.00019613	0
平装	10494	2	0.000190585	0
连载网站	1437924	225	0.000156476	1
酒店星级	114914	13	0.000113128	0
餐馆名称	148536	14	9.42532E-05	1
建成时间	11087	1	9.01957E-05	0
长度	810909	67	8.26233E-05	0
发布日期	69745	4	5.73518E-05	0
法定代表人	6054559	268	4.42642E-05	0
时效性	37275	1	2.68276E-05	0
公司名称	6470498	114	1.76184E-05	0
状态	6075823	100	1.64587E-05	0
注册资本	3874281	35	9.03393E-06	0
界	161989	1	6.17326E-06	0
小说进度	1477752	8	5.41363E-06	0
邮箱	1675158	9	5.37263E-06	0
电话	2672844	9	3.3672E-06	0
企业类型	6021285	20	3.32155E-06	1
DESC	4065093	5	1.22998E-06	0
登记机关	6020295	0	0	0
核准日期	5884385	0	0	0
工商注册号	5475921	0	0	0
营业期限开始日期	4576504	0	0	0
营业期限结束日期	3592742	0	0	0
统一信用代码	2165866	0	0	0
人均价格	107540	0	0	0
效力级别	63111	0	0	0
执行日期	62753	0	0	0
是否含防腐剂	51250	0	0	0
网站名称	9176	0	0	0
统一书号	4199	0	0	0
书号	3673	0	0	0
是否纳入医保	3662	0	0	0
施行时间	3600	0	0	0
物品等级	2947	0	0	0
印刷时间	2893	0	0	0
运动员慎用	2775	0	0	0
车位总数	2701	0	0	0
轴承内径	2289	0	0	0
印次	2268	0	0	0
入党时间	2229	0	0	0
显存位宽	2121	0	0	0
应用层级	2100	0	0	0
装修时间	1883	0	0	0
所在省州	1790	0	0	0
出售价格	1780	0	0	0
设立时间	1729	0	0	0
开工时间	1645	0	0	0
二级缓存	1629	0	0	0
手机重量	1590	0	0	0
批准时间	1574	0	0	0
洗涤容量	1567	0	0	0
发现日期	1542	0	0	0
商品尺寸	1454	0	0	0
标准号	1420	0	0	0
规划面积	1409	0	0	0
内圈	1380	0	0	0
游戏网站	1373	0	0	0
去世年月	1366	0	0	0
授权级别	1349	0	0	0
光学变焦	1330	0	0	0
成立日期	1325	0	0	0
组建时间	1321	0	0	0
显存频率	1312	0	0	0
年款	1295	0	0	0
传感器类型	1263	0	0	0
参加工作	1244	0	0	0
笔顺编号	1236	0	0	0
出道时间	1220	0	0	0
图书编号	1184	0	0	0
游戏英文名	1179	0	0	1
仓颉	1160	0	0	0
推出时间	1147	0	0	0
有源无源	1146	0	0	0
施行日期	1124	0	0	0
液晶屏尺寸	1117	0	0	0
频响范围	1116	0	0	0
出版年	1102	0	0	0
游戏产地	1101	0	0	0
上线日期	1098	0	0	0
应用大小	1097	0	0	0
是否中国特有	1076	0	0	0
CPU系列	1068	0	0	0
是否引种栽培	1054	0	0	0
最高主频	1050	0	0	0
发文时间	1032	0	0	0
机构地点	1028	0	0	0
背板带宽	1014	0	0	0
四角号码	1010	0	0	0
游戏等级	984	0	0	0
最大幅面	984	0	0	0
显示芯片型号	967	0	0	0
危害等级	951	0	0	0
容积大小	922	0	0	0
轴承产地	913	0	0	0
林地	913	0	0	0
网络吞吐量	903	0	0	0
台式机类型	891	0	0	1
注册号	889	0	0	0
遗产编号	882	0	0	0
用餐人数	872	0	0	0
5.25英寸仓位	860	0	0	0
研制时间	853	0	0	0
质保时间	844	0	0	0
月点击	843	0	0	0
装备分类	842	0	0	1
施行	827	0	0	0
论文作者	814	0	0	0
交换机类型	811	0	0	1
遗产类别	811	0	0	0
前端总线	790	0	0	0
相对分子质量	776	0	0	0
竣工日期	774	0	0	0
推出年款	773	0	0	0
亚组	766	0	0	0
风扇类型	765	0	0	1
画面颜色	761	0	0	0
轴承厚度	755	0	0	0
重量(g)	749	0	0	0
GDP	747	0	0	0
横	746	0	0	0
审定年份	741	0	0	0
星期	740	0	0	0
林地面积	738	0	0	0
背光类型	735	0	0	1
第11条	730	0	0	0
处理时间	707	0	0	0
【拼音】	706	0	0	0
变频/定频	701	0	0	0
现有职工	699	0	0	0
职员-法定代表人	696	0	0	0
端口结构	690	0	0	0
ROM大小	689	0	0	0
三字代码	687	0	0	0
硬盘尺寸	685	0	0	0
生效日期	677	0	0	0
诞生时间	675	0	0	0
鼠标大小	666	0	0	0
精装	659	0	0	0
发明时间	655	0	0	0
容量描述	652	0	0	0
开通时间	652	0	0	0
在位时间	651	0	0	0
灶眼数量	641	0	0	0
电池电压	633	0	0	0
展览时间	631	0	0	0
最大处理幅面	625	0	0	0
注册时间	623	0	0	0
布展时间	622	0	0	0
外圈	622	0	0	0
批准日期	619	0	0	0
干部职工	613	0	0	0
最佳观看距离	609	0	0	0
合同到期	605	0	0	0
主板架构	599	0	0	0
建议游玩时长	599	0	0	0
森林覆盖率	594	0	0	0
最大打印幅面	593	0	0	0
第六十四条	579	0	0	0
毕业时间	576	0	0	0
出品年份	573	0	0	0
其他编号	562	0	0	0
带宽	561	0	0	0
路由器类型	557	0	0	1
人体工学	556	0	0	0
产品编号	555	0	0	0
厚	553	0	0	0
影片片长	551	0	0	0
原籍	551	0	0	0
开盘日期	550	0	0	0
点距	549	0	0	0
幅员面积	548	0	0	0
五笔86	543	0	0	0
参加工作时间	537	0	0	0
冷冻室容积	532	0	0	0
社区管理形式	528	0	0	1
动工时间	523	0	0	0
距县城	513	0	0	0
FM收音功能	513	0	0	0
馆藏信息	512	0	0	1
处理器系列	504	0	0	0
首府	503	0	0	0
